2729560
1107084886
1006097472
1214735058
1152693365
1151966767
1151938350
5799554
4365637
3448377
1445479
696055
6564674
6503941
6098278
5656117
5727023
5770614
12991901
12745422
8314546
7630785
7522001
6557492
16452632
14986409
15315408
14796893
12989173
16884169
16828859
16752203
16638092
16590950
16606931
25155659
24473143
19464994
16929905
16917810
29432420
29326073
27221416
29073322
25363697
26136795
31476143
31171874
30332021
29420342
32259352
32343951
31954521
31959491
31907823
31896913
38958623
39211327
38684321
37728691
38464412
43060861
42701209
41786298
41693511
39382764
43611688
43553279
43567791
43536654
43537825
43109450
52018733
51994925
43998433
43807766
43766836
43739289
67031114
66812828
52814950
52874023
71779120
71627080
71330258
70253890
70096266
94331853
94231616
87249107
79242546
76327777
71789225
98662197
98530244
98489519
98517292
98521435
94533596
1017214888
1007539128
1006315971
1004769359
1003122913
98708473
1072854007
1062320761
1045435716
1041351248
1041202201
1037948541
1143984645
1144032866
1130639896
1126585726
1107035768
1076818908
42980710
15522802
1130595496
1112039661
1107077105
1061113664
1143844750
1111679583
94497050
71388378
43512978
16934493
16659161
11787075
4394670
10492784
1152711872
1144090616
1144130509
1128276364
1040042375
10240970
8356887
6332436
1234259
510199
1063285607
25147865
25138018
19105840
16826365
16617512
16450918
31304605
29557315
29398355
25665684
25140665
25147864
32404229
32106393
31954068
31908449
31396134
31293547
40780926
39420872
38953302
38861529
38940069
36162164
43570450
43432950
43107958
43072613
43087410
42757085
51780222
43873637
43877100
43799790
43725717
43608881
76041767
71675356
71275999
70192909
66973904
66809901
1039048795
1017228283
98546361
98461049
94524626
80105782
16755060
16667800
16364944
16288887
29345233
26459853
24313952
31223557
31155223
29847788
31874831
31901338
31866279
31578798
31974919
31926653
31934039
31947560
31949828
31924712
31966358
39664102
38556421
66813242
75001448
1061733379
1061528042
1111479872
1143825598
110
111
234
333
343
444
777
888
911
1104
1105
1106
555
555
666
1111
1113
1122
999
1101
1102
2222
2229
2314
1107
1108
1109
3434
3665
4141
1123
1211
2121
4514
4543
4774
2552
3232
3333
7363
7393
7441
4156
4422
4444
8558
9661
9922
5115
5555
7221
11014
11015
11016
7735
7777
8225
11020
11021
11023
11010
11012
11013
11027
11028
11029
11017
11018
11019
11034
11035
11036
11024
11025
11026
11040
11041
11042
11030
11031
11032
11046
11047
11048
11037
11038
11039
11052
11054
11055
11043
11044
11045
11324
34444
45544
11049
11050
11051
83746
88727
88884
11056
11057
11134
111123
112234
234848
73562
73667
77773
1111111
333333
343349
535353
97397
111111
16691533
16050793
11111111
9798543
9838383
736326
1,11E+10
1192786805
1111111111
111111111
93413032
16789677
1111663451
1001237571
66878508
8307105
6169209
1144210570
29583525
78077232
42747581
16940130
1216719491
1128470661
1035233798
1024502706
98541590
84008740
14622148
12930300
5626484
1005864724
32712054
31956483
31253301
23137951
21573160
16919793
43145006
43064703
42675378
42681483
39773237
37081358
70508027
67026419
59834661
43983647
43743345
43616609
79348879
71769308
71674176
71591083
70510403
70559697
31967592
19081600
16448639
1005864724
1006097472
1107084843
1113516109
1144210570
6382311
12993344
13070382
14900075
1007736328
1010120919
98385058
1004192855
63512171
12753792
5052083
4439303
4445827
3400260
3408340
1078137
6333235
6391685
6213057
5859228
5347561
4973236
10169878
10245479
8045580
8052589
6502758
6519920
15368041
14609906
13108465
14468949
10547916
11793496
16592431
16477702
16262275
16358208
15670097
15962339
16762201
16750486
16702282
16714428
16731538
16702157
22201422
18469193
16897158
16834482
16865964
16804145
31971835
31855762
31713438
31292291
31178740
29332326
43619018
42792420
41924038
38667698
38558627
38642306
59705092
53149979
52299798
51798493
51849148
50995817
70662340
70164145
66887525
66831332
66840498
66683832
71532164
71384851
71392202
71111259
71172153
70855157
79619502
76200167
71781598
71694202
71392748
71492264
94330095
94042073
94062884
91471180
92129787
80163054
98613786
98565211
98524912
94529217
94488455
94314627
1005659917
1005871328
1004538295
1002930110
1003733703
98643202
1017122773
1007743321
1010007198
1007225088
1006252979
1006070886
1020415337
1018375645
1018473695
1020223397
1017263873
1013360285
1035421579
1035423305
1033258086
1026162310
1025762514
1023969633
1037586973
1036935520
1036629909
1036645721
1035867865
1035860123
1039466472
1038417290
1038093274
1038129081
1038358826
1037626804
1059694895
1046667295
1046668572
1049636619
1041610865
1039452443
1107073825
1098636796
1089794441
1089483051
1089488482
1063359923
1116250322
1113667342
1113529194
1113619604
1110551041
1111479479
1130677990
1130645815
1130611888
1130622243
1128279667
1114819972
1151966326
1144125202
1144026671
1143937987
1143839696
1143848559
29182193
1233191963
1216728958
1152206239
1152210724
1152464744
1005893312
94452514
94508844
1000532289
16916310
29110636
1130600306
1110481137
1115634253
1088015520
1017262273
1024493715
1151954965
1144127630
1144203850
1143845460
1143850097
1127914163
1144071980
1144025296
1144028824
1143854640
1130655527
1130598532
16766443
16774691
18223551
21428388
31478680
31538158
32463131
38683552
66808105
67006254
16471267
70289150
76332512
94361627
94425484
94495122
31530132
1038867880
1051668307
1061739590
1085322836
1107080875
67027804
1130615209
1143845408
1144144489
1144213395
1,11E+12
1036606014
6247793
10005379
14477951
14837875
16447650
1130611800
87063108
94267261
98704942
1006016951
1007054605
6093350
1073812978
1111668542
1114734720
1127917188
1128477719
70165550
8407333
15347812
16609223
16935536
66877208
1045077029
31174739
20326358
17061042
16214585
14942358
6136420
80407243
66819584
31990638
31995353
31581031
1125780478
1107515655
1088310134
1059980407
1042347691
1037594005
98450866
66864056
51753361
38877178
35898145
29927291
14895048
5305843
5230916
1107100168
1107512218
1080047708
4412145
1144188390
1005707420
25619628
31528564
38557493
66942909
55241675
28631916
1214724752
1143842521
1128449569
1114092536
1112491605
1094860808
16627999
15505656
9696995
5009807
3528582
160861
31266338
31166752
30079658
21708054
19464740
16741913
39385467
38437696
32530776
31910375
31888492
31378302
42877504
42886666
42755031
42766100
42751315
41760067
70783556
66858330
66650771
43567560
43520267
43162375
1094861147
1040183629
1035303773
87100043
78673416
73140860
16459856
1192907664
1193265717
1130607574
1037640435
1061715149
13068456
36759135
87491686
27548968
12981777
52935175
70221185
1143830440
1084227482
1004235626
1004564445
38462526
39841037
87062705
1085306145
1085322756
1085342811
1144212199
1080046106
1082656403
601585
3303955
5678307
6393760
1085299887
5234268
5122234
4582738
4945097
3534146
6834943
6403973
6398563
6220398
5455046
5476645
10021979
9868765
8418889
8029503
7229231
6526652
15343571
14623586
13464436
12993114
12919253
12970686
16461950
16537963
16280594
16189424
15354567
15264805
16740528
16724924
16686782
16701747
16663411
16628410
16940003
16928093
16759768
16748318
16752351
16734290
22010887
21016138
19414122
19429449
18387703
18517446
29104976
29332200
27108656
27502001
25246214
21896286
31307153
31172743
30772253
29687811
29349998
29360265
31974200
31844821
31540616
31469452
31307247
39281076
38683144
37000697
34601287
31987228
31978814
42701806
41895924
41917068
40402107
39457182
39167318
43416956
43166769
43255324
42991409
42902943
42753134
51685619
43922305
43972360
43828116
43601453
43444432
59826757
63282825
59314333
59816152
52030669
49786281
66825276
66830861
66717688
66734561
66746491
66762757
70953280
70694392
70509932
66930762
66835022
66817293
71337939
71360605
71361122
71221302
71221023
70902496
71787396
72345452
71759696
71765341
71708220
71661070
80250512
80353358
80128575
79001995
79107713
75068306
98572273
94432717
94074934
93406069
87065236
88191021
1000099144
1000191510
98580701
98636114
98550872
98571142
1005604643
1004733601
1002806448
1002806607
1000417217
1001471455
1007311360
1007396946
1006359792
1007237525
1006207834
1006011416
1017928756
1020113216
1020396524
1017140486
1007959248
1011391312
1020500390
1020744655
1023630729
1023831390
1020458247
1020475576
1035417773
1032326141
1026299891
1026591129
1024572954
1026143331
1036647981
1035868135
1035439956
1035441142
1035865420
1035302404
1037498181
1036682842
1036785061
1036936625
1036606295
1036647229
1039454850
1038404128
1038867806
1038129678
1037631083
1037659407
1058964156
1046932747
1049924119
1041204622
1039623123
1039448983
1083814364
1065596242
1063308988
1055831527
1056303976
1057305779
1085257279
1085261898
1085278458
1085284594
1075224102
1081417292
1085307271
1085322254
1085339122
1085340551
1085344486
1085244244
1107084128
1097396657
1100392630
1100400478
1085945704
1087414787
1112880696
1112461427
1111669499
1111793827
1107096342
1128283922
1128416504
1119150389
1114095008
1114118595
1113532570
1143834785
1130668469
1130631114
1130631141
1127214979
1127627885
1152195660
1144209790
1144148411
1144078891
1144037660
1193232425
1193232428
1193510261
1193576048
1152696282
1152691100
1017261919
1024483982
1036627329
21527265
1193582492
1214747979
1234197063
1130945377
1130671077
1130626324
1110366773
1089799594
6464273
6249890
94424534
66946905
59677398
38671355
38562415
31565282
1060676290
1007490162
1004510803
1002805746
94446851
94372040
1005893312
1113513364
6103495
1234189851
1151949385
1151951463
1203569
21811977
1100396519
31535055
5854604
5445579
5133764
4566866
4948700
3414386
7728923
7526757
6701866
6327108
6226724
6135463
12971526
10529064
9957976
10098960
7561821
16219685
15516160
15433415
14885789
14887512
14590486
16755911
21446549
21464418
17635279
16936161
16776801
21619503
20368775
21387043
31626393
31230577
30279324
31864343
31871809
37002085
35324389
32770838
32539990
31997422
42820441
42889052
42975899
36540569
43466378
43480022
43209579
43106349
43078129
43053590
43597576
43612157
43542325
43520391
43537056
43537670
47428883
43879521
43831267
43799772
43626333
43708415
59175033
52405051
50995817
43986007
45510781
45516227
66941524
66839543
66845613
66660779
55067018
70721932
70782155
69006968
70098711
70137177
66998435
80888371
79676976
71587930
71589560
71111666
98762360
98668253
98569245
98535290
98495262
91427070
1006071700
1006169315
1002946005
1002083228
1001576616
98706798
1017160701
1017136938
1017142629
1010207349
1007104026
1007222901
1035230803
1027886046
1025322942
1020497179
1020397077
1020434083
1037633326
1037639716
1037572876
1037583930
1036401317
1028005825
1055918299
1045050438
1039465768
1037660288
1111780176
1107513790
1074007174
1066517114
1072251281
1143861453
1143928077
1143835642
1118546311
1120354611
1218466071
1216717013
1216723111
1146436046
1151937097
1144178020
98671176
41942420
67020161
79587928
94413430
94425442
1098812450
1000533184
1005783936
1006100843
94450907
94540927
1143865332
1130635193
1130638192
1130619766
1130630757
1107084843
12982732
16928552
31235551
30726861
37728081
43056133
66886074
66846206
71141297
1024502706
1006098450
1107094703
6104637
14624314
1144081212
94491284
1127620902
1144188362
66956746
16833321
16946901
15917285
10492784
29507072
50995211
1113282019
1059045537
1002808495
79673476
15919906
16784780
493086
5728412
7024849
10490405
1151942564
1193557290
5263561
5292792
1264479
1331955
1767557
645239
6283530
5929003
5857103
5390245
5433140
5262548
6405640
6408287
6411151
6463210
6395282
6257029
7522430
7540851
7180538
6477233
6504897
6403141
8125538
8293315
7544231
7701631
8012092
7507585
14235160
13010801
13011601
9867083
8316602
8430810
15448311
15484521
14964842
15264843
14725143
14676877
16508947
16448928
16460919
16284015
15534878
15960494
16685871
16651753
16653882
16615738
16485934
16501457
16745115
16710673
16692811
16696591
16668347
16680657
16831632
16859000
16863562
16779334
16762333
16737943
27087902
25328635
22649476
21895809
22129637
18391326
29361415
29399649
29178704
29181164
28548401
27087263
30332021
30405168
29817549
29416913
29507707
29621138
31467037
31322092
31323003
31294285
31300968
31302231
31901783
31862243
31837310
31531582
31571383
31466065
31957987
31961462
31932628
31937849
31907000
31883841
32200232
31997213
31975519
31976478
31982766
31964174
38680730
38566012
38462497
38552475
36953471
34515040
42117661
41778883
39382420
39288436
38684760
38875227
43255690
43103624
43003545
43051553
43053736
41944848
43258940
43270505
43278127
43438508
43201218
43252257
43924253
43826294
43740497
43776388
43577728
43537218
52438249
51756499
48624628
48625552
48613598
43920505
59688649
59812940
52620450
52740491
52898166
52011963
66850445
66865507
66830495
66810012
66814471
65812464
67004226
67029042
67029663
67000205
66901905
66918111
70952899
70692346
70564842
70195735
70502259
67039951
71620234
71662044
71268760
71272297
71292555
71174261
79040393
76233907
71795680
73193918
71742432
71735954
80851394
79791988
79877618
80173676
79565456
79591810
94268787
94310216
94044388
94072603
93206654
80218085
94502804
94430218
94458137
94494770
94379337
94414177
98137662
94506604
94517295
94522934
94523711
94501742
98631034
98553154
98536295
98517826
98520358
1001578096
1001635446
1001361792
1001419077
98662703
98590249
1005943721
1005980510
1004611256
1005460891
1003698442
1004418589
1007533518
1006361638
1006197225
1006034079
1006097952
1005895732
1026153546
1020409658
1017145838
1017163526
1017139386
1007255549
1035426415
1035850182
1033426465
1035222456
1026157389
1026554560
1036840937
1036929167
1036605120
1035877053
1035919619
1036392500
1039473866
1040320312
1038406515
1038414808
1037325411
1037586405
1064677123
1061533044
1062436416
1060357006
1055918554
1045020575
1098665088
1106513122
1093221037
1086132049
1085686169
1085167174
1112225835
1107522197
1109185152
1109490756
1106514261
1107066084
1113532536
1112492949
1113513364
1112461551
1112465713
1112486582
1114821543
1117531427
1118285046
1113663503
1113779779
1113516109
1128428526
1128431101
1128447974
1128467817
1126600168
1114819653
1130637576
1130648481
1128473806
1128476322
1130586808
1130602187
1130673203
1130679445
1140419199
1140885815
1130654382
1130654824
1144038441
1143974879
1143839627
1141114244
1143399885
1143825825
1144204146
1144109372
1144134625
1144067242
1144082199
1144037316
1152716389
1152210338
1152458151
1151942356
1152201494
1144205883
1216725967
1216732191
1214733904
1214748085
1193562499
1152700245
1007403563
1006106439
72208848
16797743
1232399430
2000011418
1130680087
1128282887
1107523292
1111663451
1037581452
1094938871
1144046252
1144068229
1144068514
1144068976
1144080298
1130641865
1144161522
80267181
71646014
71584795
70550969
70133552
66783656
43539918
43485541
42796093
16726837
98704793
1234188421
1151937302
1144135553
1144044565
1144046759
1144039747
12268806
10740396
9869344
6197304
4446679
16742453
16362776
16223868
14679380
14679587
13043024
31918687
31539984
31446289
31484571
16917672
16746174
34639866
36282999
34608033
34610253
31978493
31986740
66844569
66830510
66662207
52929363
38642219
38554508
79649281
70905757
70906679
67028951
66982359
66997136
94496774
94498434
94499937
94379190
94401174
94371098
1107521982
1107105402
1107513063
1063807641
1038409816
94534237
1130615584
1130621271
1113514684
1112621601
1113514445
1110287124
1192727439
1151967545
1144091033
1144041133
1143944733
1143833613
16219515
34639591
31713337
31324955
31282234
16749112
16635985
1130659007
1130629875
1112476643
1094909689
55167929
38681881
1143859630
1112481749
1007353014
1006233593